100 0
0 1000000 67 85 53 10 1000000 25 1000000 62 55 84 14 5 1000000 38 83 1000000 71 16 4 21 1000000 55 87 64 51 88 77 43 1000000 77 79 44 70 66 60 24 76 1000000 5 27 1000000 1000000 1000000 5 1000000 30 43 66 14 42 1000000 82 98 46 76 6 9 8 58 72 35 13 9 50 1000000 82 89 7 15 24 1000000 88 41 1000000 20 90 2 76 1000000 1000000 94 1000000 1000000 1000000 98 38 1000000 22 1000000 46 82 71 1000000 1000000 1000000 3 40 11 
1 0 1000000 1000000 1000000 50 36 71 99 22 1000000 77 36 86 19 37 87 1000000 43 36 53 1000000 33 2 1000000 2 83 84 34 79 91 63 21 1000000 1000000 12 1000000 10 72 63 79 18 36 1000000 55 55 95 3 90 65 22 9 1000000 60 25 42 1000000 41 1000000 1000000 85 1000000 1000000 79 28 1 88 86 1000000 42 1000000 36 38 1000000 82 1000000 65 1000000 24 28 58 35 61 1000000 1000000 40 62 43 52 43 74 64 1000000 82 1000000 41 71 1000000 59 1000000 
27 1000000 0 60 1000000 46 1000000 96 90 48 13 6 41 1000000 14 83 59 1000000 1000000 1000000 1000000 81 1000000 46 1000000 13 57 28 76 82 95 17 1000000 1000000 30 12 56 24 22 90 19 76 83 1000000 97 10 1000000 74 31 19 38 1000000 1000000 5 1000000 42 1000000 9 28 16 2 63 1000000 98 1000000 6 81 51 1000000 77 93 42 79 1000000 77 9 57 1000000 70 83 54 54 74 25 11 54 51 9 55 7 87 60 1000000 23 70 68 1000000 86 81 100 
21 83 34 0 60 91 16 71 12 20 14 35 32 91 1000000 8 17 1000000 1000000 57 67 1000000 78 60 47 83 12 4 56 38 5 63 1000000 1000000 89 82 1000000 45 77 1000000 7 1000000 7 70 96 79 40 13 63 59 3 18 88 97 68 1000000 61 26 1000000 1000000 1000000 88 47 1000000 89 83 16 1000000 63 80 16 94 73 5 1000000 1000000 1000000 9 1000000 43 88 32 29 52 44 1000000 1000000 8 1000000 83 7 29 1000000 1000000 89 81 90 38 68 1000000 
1000000 11 10 66 0 1000000 1000000 2 1000000 52 81 7 42 90 62 1000000 1000000 70 55 1000000 27 75 77 22 46 57 1000000 78 1000000 25 31 52 1000000 78 69 1000000 57 1000000 70 1000000 1000000 32 78 42 87 25 13 28 72 1000000 90 47 9 69 25 1000000 57 61 78 35 28 50 1000000 1000000 13 1000000 43 39 64 1000000 58 15 28 22 86 75 21 1000000 43 1000000 1000000 66 1000000 22 50 28 1000000 7 4 92 1000000 65 54 1000000 32 1000000 1000000 16 26 1000000 
85 78 81 52 59 0 1000000 87 60 88 66 49 1000000 82 33 1000000 1000000 1000000 33 1000000 71 93 1000000 85 44 1000000 34 84 2 59 81 51 22 1000000 21 44 37 11 4 83 1000000 69 89 77 6 57 15 98 1000000 1000000 20 70 1000000 86 82 50 1000000 99 75 78 3 18 43 56 1000000 52 1000000 34 48 22 73 73 52 22 88 1000000 1000000 18 39 94 1000000 1000000 1 73 37 80 86 1000000 7 1000000 21 21 15 3 1000000 63 64 49 46 1000000 
66 51 44 1000000 34 80 0 1000000 58 1000000 16 1000000 26 86 1000000 1000000 6 33 56 1000000 100 44 18 1000000 1000000 43 72 16 90 14 66 1000000 29 1000000 1000000 29 97 1000000 13 1000000 51 44 94 1000000 11 5 17 46 51 1000000 29 14 72 14 56 40 54 1000000 19 85 1000000 41 7 27 80 5 12 1000000 1000000 1000000 88 78 1000000 49 5 1000000 80 22 73 81 11 1000000 1000000 1000000 60 17 80 40 1 21 1000000 28 10 1000000 78 16 95 48 6 1000000 
26 1000000 8 22 77 37 82 0 90 1000000 46 27 68 96 8 31 9 80 2 1000000 93 32 1000000 75 1000000 92 69 16 78 29 97 16 23 1000000 25 1000000 45 1000000 86 37 56 88 47 63 10 1000000 35 9 77 99 37 6 19 1000000 27 15 1000000 1000000 7 1000000 70 1000000 93 86 1000000 23 98 1000000 22 28 12 70 1000000 37 1000000 76 1000000 1000000 7 39 10 70 15 55 1 22 26 73 1000000 84 1000000 1000000 52 1000000 70 20 23 94 1000000 19 
66 59 74 1000000 1000000 68 23 76 0 61 1000000 30 1000000 48 46 1000000 39 68 1000000 78 76 56 26 1000000 1000000 53 84 82 99 25 12 86 6 1000000 1000000 9 72 35 67 1000000 10 25 82 1000000 45 88 98 6 1000000 1000000 57 80 69 38 43 45 43 1000000 1000000 1000000 21 20 56 1 40 21 78 36 52 67 32 27 1000000 30 2 83 99 25 21 1000000 99 52 73 73 67 1000000 8 6 1000000 64 1000000 1000000 13 49 45 44 1000000 86 13 1000000 
1000000 94 80 38 1000000 56 87 38 39 0 60 68 47 1000000 98 1000000 57 86 1000000 6 39 16 1000000 1000000 1000000 58 29 46 65 93 1000000 93 1000000 4 59 43 4 64 16 97 1000000 22 1000000 79 39 25 59 64 1000000 68 9 76 19 1000000 1000000 1000000 1000000 10 1000000 53 1000000 1000000 1000000 96 86 1000000 86 10 38 73 100 1000000 81 1000000 23 15 95 1000000 43 39 12 4 1000000 1000000 59 59 83 1000000 90 25 45 68 85 1000000 26 1 95 79 1000000 55 
64 72 2 75 33 13 1000000 1000000 68 54 0 18 1000000 39 51 51 74 52 75 90 9 1000000 48 1 70 56 69 10 1000000 24 42 1000000 64 60 13 1000000 1000000 1000000 1 1000000 44 58 75 56 36 1000000 45 20 33 60 32 1000000 1000000 72 47 1000000 58 1000000 42 59 93 44 4 25 1000000 1000000 78 67 1000000 66 1000000 60 36 69 1000000 1000000 41 75 58 1000000 1000000 86 28 72 14 62 1000000 89 44 34 78 6 32 89 20 93 13 1000000 1000000 7 
54 17 36 54 1000000 46 1000000 65 83 50 51 0 47 1000000 1000000 15 1000000 70 69 75 1000000 93 1000000 1000000 1000000 62 6 6 36 1000000 1000000 88 1000000 22 87 57 36 87 1000000 19 48 1000000 31 1000000 20 1000000 1000000 81 33 1000000 1000000 4 83 42 79 1000000 55 68 8 1000000 1000000 62 6 20 2 48 86 89 11 50 1000000 31 1000000 1000000 1000000 1000000 1000000 1000000 22 54 1000000 20 1000000 33 1000000 1000000 49 56 36 49 28 82 90 1000000 1000000 84 1000000 64 1000000 9 
27 46 56 41 38 1 42 54 1000000 66 56 1000000 0 76 44 70 92 1000000 1000000 1000000 14 22 8 1000000 18 1 20 46 1000000 34 51 65 81 53 46 1000000 87 47 31 1000000 23 3 1000000 6 38 75 1000000 100 1000000 1000000 49 19 54 27 69 55 1000000 4 1000000 1000000 24 63 1000000 1000000 76 51 1000000 49 13 82 1000000 87 1000000 3 46 93 77 67 1000000 2 1000000 59 91 1000000 28 1000000 9 1000000 10 63 1000000 1000000 1000000 1 97 1000000 98 70 1000000 1000000 
59 1000000 9 1000000 25 82 50 40 84 5 35 61 37 0 17 71 1000000 40 95 1000000 97 36 1000000 87 78 1000000 10 1000000 52 57 19 1000000 2 1000000 51 72 1000000 1000000 22 1000000 43 19 1000000 1000000 34 70 1000000 13 1000000 1000000 1000000 17 8 13 11 1 80 1000000 1000000 64 67 1000000 1 1000000 1000000 6 1000000 67 13 1000000 1000000 82 1000000 13 67 74 93 35 35 1000000 9 1000000 38 1000000 39 100 93 1000000 46 1000000 58 1000000 1000000 25 52 1000000 1000000 46 1000000 1000000 
5 24 88 99 29 45 1000000 82 1000000 99 58 1000000 1000000 54 0 1000000 67 24 1000000 21 66 1000000 1000000 74 79 16 94 1000000 6 93 22 23 42 63 5 64 24 80 82 1000000 86 19 5 1000000 1000000 64 59 1000000 18 50 68 24 15 80 49 77 23 87 35 81 54 1000000 58 1000000 54 82 80 1000000 18 1000000 22 1000000 30 22 26 25 21 74 1000000 47 82 60 48 1000000 44 80 1000000 1000000 59 58 56 59 1000000 1000000 71 8 1000000 1000000 6 1000000 
1000000 15 19 8 69 27 1000000 1000000 77 1000000 7 77 1000000 1000000 83 0 100 26 81 1000000 1000000 1000000 1000000 23 16 24 65 31 54 32 69 1000000 54 80 32 1000000 47 1000000 16 1000000 53 89 1000000 9 1000000 70 90 31 1000000 55 20 88 91 80 1000000 28 92 52 45 7 1000000 1000000 72 86 74 24 48 34 15 1000000 60 57 1000000 9 32 1000000 32 77 81 96 9 73 1000000 12 1000000 1000000 1000000 1000000 1 27 1000000 58 24 88 2 7 1000000 48 54 34 
92 10 88 1000000 41 1000000 30 20 1000000 1000000 88 72 8 12 1000000 97 0 10 22 1000000 1000000 6 1000000 1000000 94 42 1000000 49 18 12 1000000 18 36 47 17 1000000 1000000 48 24 5 1000000 1000000 69 71 65 1000000 8 1000000 78 1000000 52 87 71 1000000 8 36 93 23 24 1000000 54 1000000 2 67 30 1000000 1000000 98 26 55 58 91 1000000 89 60 75 85 1000000 30 1 1000000 25 19 22 17 1000000 19 1000000 57 54 60 1000000 70 74 56 1000000 6 27 92 34 
40 73 43 78 36 94 77 86 63 40 60 1000000 32 93 79 25 71 0 1000000 1000000 83 24 97 1000000 37 93 28 1000000 38 71 5 69 64 95 5 1000000 1000000 1000000 27 55 1000000 66 72 98 29 1000000 20 32 1000000 1000000 94 25 1000000 43 1000000 73 1000000 1000000 16 1000000 49 91 37 50 94 92 43 4 1000000 20 1000000 87 53 1000000 1000000 79 63 35 1000000 93 73 75 66 1000000 87 1000000 6 94 1000000 1000000 39 1000000 1000000 45 1000000 17 1000000 1000000 47 1000000 
21 1000000 19 1000000 72 70 1000000 56 16 1000000 88 77 32 11 22 1000000 1 1000000 0 1000000 1000000 19 1000000 1 30 34 51 11 87 34 1000000 54 95 1000000 93 30 1000000 76 1000000 3 1000000 1000000 34 10 1 76 89 1000000 1000000 32 61 72 35 1000000 38 1000000 1000000 85 54 65 10 20 1000000 21 1000000 46 94 14 98 79 70 24 49 1000000 13 34 1000000 1000000 39 77 35 84 44 10 1000000 39 23 1000000 17 2 1000000 55 43 10 9 50 78 51 57 1000000 
42 11 23 83 7 1000000 1 52 1000000 78 18 80 55 55 50 1000000 1000000 1000000 1000000 0 1000000 72 63 1000000 14 24 41 1000000 80 1000000 60 1000000 33 1000000 20 1000000 91 3 92 1000000 19 61 1000000 1000000 1000000 97 1000000 79 77 7 69 45 92 37 25 1000000 95 50 1000000 1000000 1000000 90 84 54 89 86 86 51 15 38 48 1000000 1000000 1000000 25 16 31 1000000 57 1000000 15 24 1000000 1000000 1000000 9 46 54 76 1000000 42 1000000 30 1000000 1000000 31 14 27 1000000 59 
10 6 1000000 1000000 1000000 1000000 1000000 9 97 22 62 1000000 1000000 81 16 58 78 31 14 98 0 67 32 68 6 28 46 8 73 1000000 60 18 99 1000000 69 21 1000000 1000000 39 82 14 65 1000000 1000000 1000000 57 58 1000000 97 96 51 76 95 82 65 45 20 77 1000000 1000000 81 95 38 1000000 49 7 50 24 10 54 59 12 73 1000000 98 3 1000000 100 100 54 63 74 36 1000000 1000000 1000000 68 1 70 46 1000000 88 1000000 83 96 20 89 23 81 44 
65 42 1000000 1 1000000 20 1000000 46 1000000 1 1000000 19 1000000 56 23 60 54 88 54 47 1000000 0 90 1000000 1000000 44 1000000 94 25 1000000 71 97 87 12 1000000 73 73 77 18 64 59 68 1000000 90 71 32 1000000 34 60 1000000 14 51 4 2 31 92 70 89 31 1000000 1000000 17 1000000 1000000 37 1000000 48 1000000 10 67 41 1000000 49 18 80 1000000 98 71 36 32 6 1000000 1000000 20 97 19 28 91 1000000 72 1000000 35 1000000 1000000 39 2 1000000 1000000 17 1000000 
96 37 95 73 46 1 94 33 35 1000000 39 82 13 91 58 79 62 68 79 49 70 46 0 30 14 1000000 95 46 46 1000000 42 11 64 1000000 49 18 75 58 31 53 67 1 86 75 7 17 76 67 37 1000000 99 1000000 52 72 1000000 1000000 69 71 83 54 1000000 83 10 12 7 3 1000000 38 56 80 21 61 98 28 1000000 85 54 43 1000000 69 15 73 47 5 98 94 40 43 1000000 80 1000000 61 27 9 15 32 43 1000000 69 23 
1000000 1000000 17 67 86 17 46 1000000 78 1000000 56 1000000 75 9 20 49 26 92 44 1 1000000 22 40 0 15 1000000 43 12 74 1000000 87 1000000 1000000 1000000 65 71 54 92 1000000 6 1000000 73 1000000 9 82 27 55 1000000 1000000 99 28 1000000 1000000 38 63 52 44 14 55 1000000 1000000 1000000 1000000 1000000 1000000 38 1000000 99 20 50 83 9 1000000 61 1000000 1000000 74 75 1000000 1000000 93 1000000 4 51 55 1000000 70 1000000 40 7 78 64 1000000 50 95 1000000 78 1000000 97 1000000 
81 19 11 86 42 68 26 32 1000000 1000000 5 1000000 89 19 1000000 19 1000000 51 23 1000000 35 19 1000000 16 0 85 89 73 68 32 84 1000000 1000000 1000000 1000000 95 72 23 92 55 51 37 1000000 1000000 29 1000000 4 26 1000000 62 86 60 18 78 80 17 59 1000000 93 47 1000000 1000000 62 81 28 44 1000000 29 1000000 1000000 1000000 34 94 19 1000000 1 95 1000000 46 38 95 92 93 69 92 1000000 1000000 38 81 52 95 1000000 4 42 54 1000000 96 37 74 59 
11 60 95 59 1000000 14 1000000 1000000 1000000 20 43 69 1000000 34 1000000 1000000 1000000 24 86 1000000 88 1000000 36 1000000 1000000 0 1000000 24 92 50 1000000 6 1000000 79 1000000 68 77 90 76 98 49 1000000 25 40 100 58 1000000 39 1000000 98 92 40 14 80 63 20 43 4 35 28 2 81 14 1000000 1000000 18 1000000 27 84 2 6 95 64 55 1000000 66 1000000 24 10 66 44 1000000 53 37 7 88 1000000 1000000 41 87 48 1000000 1000000 1000000 95 1000000 1 61 1000000 1000000 
4 1000000 36 31 1000000 33 1000000 36 30 11 13 1000000 1000000 6 94 36 69 61 90 48 47 20 1000000 35 44 91 0 79 1000000 1000000 51 1 85 23 63 1000000 1000000 1000000 1000000 67 77 50 77 95 1000000 88 1000000 28 1000000 46 11 40 10 56 20 45 84 92 1000000 21 53 1000000 93 53 1000000 32 26 1000000 41 52 1000000 52 40 1000000 42 1000000 96 20 1000000 58 48 5 98 40 9 13 34 14 1000000 1000000 82 69 54 18 37 75 22 68 14 21 
1000000 4 14 44 68 3 1000000 46 1000000 1000000 13 61 2 83 1000000 1000000 1000000 1000000 62 64 46 1000000 12 15 40 23 1000000 0 41 30 17 67 1000000 65 70 1000000 96 31 81 65 1000000 39 65 1000000 35 91 55 77 1000000 25 73 97 5 10 75 44 83 1000000 1000000 1000000 64 69 89 70 1000000 1000000 87 1000000 29 23 48 59 2 40 65 1000000 48 1000000 33 1000000 54 67 6 50 61 93 97 80 49 11 98 78 23 57 1000000 63 63 31 98 1000000 
49 1000000 76 1000000 11 67 89 10 5 8 1000000 1000000 1000000 68 1000000 84 50 1000000 1000000 1 1000000 1000000 5 1000000 89 28 65 64 0 60 100 23 1000000 82 2 71 1000000 13 1000000 50 72 7 1000000 23 54 91 96 73 29 99 39 1000000 91 47 1000000 58 69 51 19 66 1000000 7 75 1000000 1000000 22 19 1000000 22 1000000 1000000 88 1000000 1000000 63 94 1000000 36 55 1000000 35 3 46 91 33 85 47 1000000 77 1000000 1000000 1 1000000 76 77 41 66 3 1000000 79 
47 30 52 61 40 1000000 83 1000000 5 21 90 1000000 1000000 1000000 81 45 35 1000000 30 57 78 99 1000000 54 27 94 100 1000000 11 0 24 7 1000000 11 92 1000000 1000000 90 19 18 1 52 74 15 1000000 92 27 1000000 65 73 29 1000000 37 1000000 42 9 83 23 95 1000000 48 1000000 69 43 44 81 1000000 88 30 100 52 1000000 52 1000000 47 1000000 99 1000000 85 3 1000000 82 34 8 1000000 53 1000000 1000000 1000000 70 44 12 29 1000000 95 100 16 14 1000000 1000000 
1000000 50 89 13 23 16 41 1000000 42 1000000 81 68 55 15 65 1000000 3 32 99 38 1000000 1000000 89 31 92 1000000 91 1000000 1000000 16 0 58 1000000 1000000 1000000 1000000 3 97 1000000 1000000 94 63 57 6 32 26 5 89 1000000 79 94 1000000 88 89 1000000 57 1000000 1000000 87 1000000 1000000 1000000 48 1000000 17 1000000 1000000 91 27 78 9 41 1000000 40 1000000 63 28 50 32 35 1000000 1000000 1000000 89 71 1000000 1000000 34 33 33 53 18 7 82 42 49 1000000 69 1000000 1000000 
39 7 58 85 65 1000000 8 58 94 70 76 12 13 47 4 32 12 18 83 49 47 82 17 61 38 37 39 93 60 30 25 0 63 60 45 1000000 48 66 87 39 1000000 1000000 77 1000000 34 30 1000000 23 77 17 82 92 18 1000000 1000000 80 43 47 1000000 17 1000000 53 1000000 80 96 81 80 13 97 1000000 25 1000000 90 91 12 1000000 9 26 7 76 92 77 17 17 15 30 82 7 58 1000000 6 65 3 92 1000000 68 1000000 1000000 19 1000000 
53 8 40 61 36 72 58 1000000 1000000 1000000 1 48 39 70 58 1000000 26 45 11 18 59 72 41 60 1000000 17 24 74 64 74 82 9 0 80 1000000 31 79 1000000 82 49 42 66 1000000 64 15 1000000 35 31 32 98 1000000 84 60 89 84 1000000 20 57 84 1000000 73 1000000 34 1000000 1000000 90 80 47 59 1 1000000 35 50 96 1000000 1000000 100 1000000 81 1000000 12 67 1000000 21 65 91 3 1000000 92 30 22 36 1000000 2 80 61 34 94 1000000 71 
83 15 1000000 96 87 1000000 1000000 64 75 1000000 1000000 1000000 1000000 95 45 89 80 50 9 1000000 91 3 68 22 61 1000000 1000000 75 23 1000000 4 10 57 0 34 44 1000000 74 1000000 50 78 49 99 16 20 1000000 46 62 68 3 73 78 87 40 1000000 63 18 6 35 82 39 93 90 40 68 19 71 76 14 28 1000000 57 69 65 75 1000000 45 56 56 10 30 1000000 1000000 1000000 8 1000000 11 35 1000000 99 4 85 93 19 18 69 22 1000000 52 97 
92 50 100 1000000 1000000 71 1000000 1000000 40 1000000 5 1000000 49 35 46 41 1000000 85 83 1000000 54 57 29 97 15 3 1000000 1000000 1000000 40 86 81 88 96 0 1000000 64 4 64 70 52 1000000 51 1000000 1000000 72 89 5 1000000 1000000 37 45 1000000 82 1000000 1000000 52 76 86 13 1000000 39 82 35 65 88 43 1000000 16 60 19 22 30 1 6 83 1000000 1000000 28 72 1000000 51 85 1000000 1000000 82 75 1000000 1000000 57 100 54 82 1 66 70 29 1000000 96 53 
16 98 15 51 77 1000000 45 99 15 1000000 1000000 22 16 1000000 66 93 40 1000000 62 35 1000000 1000000 1000000 1000000 1000000 48 55 32 77 84 9 81 1000000 1000000 44 0 96 23 1000000 1000000 93 1000000 4 87 71 85 100 27 83 7 78 1000000 38 1000000 4 34 14 1000000 1000000 1000000 33 1000000 1 1000000 1000000 72 1000000 1000000 35 97 23 69 1000000 1000000 90 36 29 33 1000000 1000000 1000000 50 47 1000000 21 1000000 1000000 94 3 48 1000000 38 10 86 1000000 47 1000000 1000000 1000000 18 
24 1000000 1000000 30 1000000 36 71 71 64 81 19 62 18 1000000 1000000 1000000 1000000 40 88 71 67 1000000 79 16 1000000 35 1000000 1000000 65 69 1000000 12 1000000 61 1000000 33 0 1000000 22 83 79 11 37 1000000 1000000 49 11 1000000 1000000 62 66 46 57 42 1000000 30 49 98 27 18 48 1000000 64 39 48 58 92 94 1000000 54 83 1000000 87 1000000 34 59 37 1000000 48 84 26 1000000 32 43 1000000 84 1000000 60 53 1000000 3 24 1000000 1 43 1000000 5 31 80 40 
1000000 1000000 23 15 52 1000000 37 1000000 1000000 73 86 81 96 38 41 75 85 11 20 1000000 72 1000000 1000000 1000000 69 1000000 68 1000000 68 1000000 1000000 40 87 1000000 84 1000000 1000000 0 1000000 59 86 22 40 64 81 1000000 1000000 9 1000000 17 47 57 1000000 45 21 1000000 46 1000000 5 80 35 1000000 72 1000000 1000000 2 43 31 96 1000000 1000000 1000000 45 42 73 73 96 1000000 1000000 99 96 28 60 1000000 93 1 82 45 35 94 16 49 69 79 1000000 10 3 65 39 34 
88 48 69 1000000 23 1000000 55 1000000 37 17 1000000 14 36 26 18 1000000 69 5 73 43 20 1000000 74 54 1000000 1000000 1000000 17 1000000 53 3 3 1000000 95 98 1000000 87 56 0 13 26 50 54 1000000 1000000 1000000 9 93 77 64 39 1000000 85 1000000 52 7 27 22 77 61 38 58 71 90 95 1000000 10 83 61 48 1000000 67 53 41 1000000 42 25 87 71 78 37 91 63 41 1000000 40 56 13 1000000 59 1000000 42 1000000 70 50 13 1000000 1000000 18 1000000 
77 58 50 34 90 33 89 1000000 1000000 2 18 18 28 27 69 57 32 100 91 100 92 1000000 72 1000000 37 19 21 45 65 39 8 89 1000000 1000000 1000000 30 1000000 49 1000000 0 1000000 1000000 13 53 1000000 97 40 50 22 1000000 1000000 27 95 1000000 1000000 32 49 66 6 1000000 31 27 1000000 12 1000000 64 73 47 17 98 74 1000000 1000000 1000000 56 81 1000000 71 1000000 57 1000000 1000000 83 1000000 1000000 86 86 1000000 94 71 34 1000000 74 99 1000000 1000000 24 1000000 87 1000000 
1000000 100 1000000 27 1000000 56 28 89 1000000 67 48 1000000 14 46 65 84 1000000 38 1000000 1000000 58 1000000 16 81 29 1000000 25 1000000 34 74 62 85 38 1000000 1000000 16 1000000 1000000 35 1000000 0 74 65 59 42 61 87 1000000 68 78 37 49 1000000 13 43 24 1000000 74 43 1000000 59 80 1000000 1000000 1000000 10 91 1000000 1000000 28 82 58 6 1000000 12 96 30 100 22 95 18 45 68 36 35 58 22 26 1000000 67 16 57 76 1000000 90 1000000 52 77 54 71 
71 1000000 68 1000000 71 1000000 16 1 72 85 98 1000000 49 15 1000000 1000000 1000000 21 92 16 27 80 49 84 14 20 53 1000000 4 46 1000000 1000000 70 1000000 1000000 1000000 5 26 49 7 63 0 77 3 51 86 1000000 35 46 67 1000000 1 63 1000000 23 1000000 1 78 67 58 22 62 1000000 1000000 26 1000000 88 73 1000000 69 1000000 1000000 43 11 14 1000000 96 6 1000000 90 28 23 17 56 21 66 1000000 65 98 1000000 1000000 1000000 1000000 1000000 25 17 46 55 15 1000000 
48 97 90 81 25 1000000 76 1000000 6 1000000 16 1000000 4 88 60 60 1000000 21 83 72 1000000 1000000 1000000 93 89 1000000 1000000 1000000 14 1000000 1000000 5 1000000 1000000 57 21 63 81 16 1000000 31 89 0 53 44 1000000 56 19 1000000 31 58 34 1000000 17 22 1000000 1000000 32 1000000 1000000 2 12 32 52 24 79 28 67 29 84 1000000 41 49 1000000 1000000 89 84 86 86 88 58 1000000 1000000 1000000 22 1000000 1000000 85 80 54 1000000 42 57 1000000 7 13 1000000 53 10 1000000 
56 35 85 49 73 9 70 1000000 64 1000000 15 6 75 78 32 1000000 8 1000000 1000000 21 1 50 24 65 47 78 73 92 39 48 78 5 84 27 25 34 58 98 75 75 15 67 66 0 58 1000000 1000000 58 1000000 1000000 34 96 72 1 1000000 23 24 1000000 1000000 9 94 35 1000000 1000000 1000000 1000000 50 29 74 84 1000000 44 1000000 9 52 11 48 5 29 33 1000000 43 40 34 40 16 1000000 1000000 1000000 100 11 97 33 18 23 75 91 8 42 1000000 
27 34 94 48 1000000 67 98 1000000 75 29 13 1000000 52 33 57 1000000 36 45 1000000 70 91 1000000 1000000 1000000 12 45 1000000 1000000 35 78 1000000 1000000 89 34 55 53 71 5 2 15 1000000 60 75 17 0 50 1000000 8 49 1000000 70 99 1000000 33 94 86 4 5 12 52 1000000 82 1000000 83 1000000 1000000 2 1000000 1000000 1000000 97 77 1000000 79 1000000 30 1000000 97 37 86 88 76 66 77 4 1000000 21 1000000 1000000 99 1000000 1000000 85 31 58 1000000 1000000 1000000 1000000 45 
93 4 55 55 1000000 35 1000000 42 14 83 1000000 1000000 29 1000000 92 1000000 1000000 1000000 88 2 89 17 75 97 50 4 1000000 80 50 70 50 65 35 26 42 77 1000000 99 1000000 1000000 1000000 1000000 9 70 42 0 88 1000000 67 10 62 78 12 1000000 5 52 36 1000000 43 78 77 88 20 83 92 46 18 62 39 10 40 22 79 1000000 43 57 54 90 14 56 81 80 92 32 45 46 64 85 1000000 1000000 1000000 89 7 36 90 48 82 12 1 60 
1000000 9 86 21 19 82 73 77 1000000 77 63 42 1000000 1000000 71 52 1000000 84 70 98 1000000 52 5 52 45 16 87 46 86 39 30 8 76 1000000 1000000 44 1000000 66 57 1000000 9 6 37 42 1000000 1000000 0 38 25 14 85 11 25 55 37 1 83 56 1000000 9 22 77 1000000 1000000 27 27 13 49 44 8 72 17 62 90 73 78 54 34 95 1000000 85 1 55 1000000 21 31 8 6 1000000 97 67 63 1000000 1000000 1000000 25 79 1000000 1000000 45 
55 32 1000000 1000000 70 30 1000000 32 61 1000000 1000000 1000000 11 1000000 19 70 84 31 1000000 1000000 1000000 1000000 55 20 1000000 1000000 33 1000000 84 1000000 1000000 81 1000000 3 22 11 1000000 1000000 84 63 1000000 1000000 1000000 70 88 94 81 0 6 29 1000000 1000000 13 1000000 76 19 87 83 34 1000000 1000000 34 49 75 1000000 88 1000000 22 1000000 1000000 1000000 1000000 74 1000000 65 84 10 1000000 1000000 75 79 61 1000000 19 69 86 1000000 1000000 1000000 1000000 1000000 50 85 88 1000000 28 65 93 88 82 
29 32 95 1000000 72 1000000 13 1000000 41 1000000 83 57 30 7 1000000 6 85 1000000 39 1000000 93 2 31 15 32 78 51 1000000 25 1000000 1000000 8 31 1000000 46 91 34 77 1000000 47 17 79 44 1000000 27 84 66 22 0 43 97 4 1000000 5 1 40 90 86 1000000 1000000 23 69 10 31 20 17 1000000 1000000 83 1000000 31 1000000 38 17 95 69 40 10 92 34 1000000 95 30 17 1000000 91 49 37 42 1000000 76 1000000 97 1000000 61 1000000 43 1000000 73 4 
70 37 15 31 43 1000000 1000000 1000000 38 94 87 1000000 1000000 4 1000000 75 97 24 96 1000000 1000000 59 71 84 48 98 43 2 1000000 41 18 94 49 98 88 1000000 98 93 62 21 64 1000000 4 3 26 1000000 64 9 1000000 0 14 36 13 1000000 1000000 1000000 27 1000000 76 37 1000000 22 64 9 26 48 1000000 5 1000000 7 1 52 78 1000000 31 18 59 92 2 57 1000000 2 50 1000000 54 7 1000000 65 1000000 1000000 17 1000000 69 1000000 58 29 98 60 44 91 
26 75 25 1000000 11 1000000 63 41 27 1000000 46 29 81 1000000 1000000 23 78 45 88 37 11 1000000 77 48 23 1000000 6 73 7 14 15 1000000 85 49 10 4 1000000 1000000 1000000 1000000 1000000 62 77 1000000 4 15 1 42 39 65 0 92 59 3 16 1000000 1000000 24 41 5 54 34 48 43 1000000 99 5 90 58 1000000 68 28 99 38 26 87 5 45 20 57 23 1000000 33 1000000 85 80 68 1000000 37 21 100 15 76 42 1000000 71 42 1000000 11 7 
1000000 73 100 12 1000000 56 7 2 96 60 1000000 98 1000000 6 94 62 1000000 76 1000000 1000000 1000000 66 1000000 88 3 65 1000000 42 1000000 99 22 1000000 64 81 41 1000000 43 81 78 48 26 55 1000000 1000000 66 81 1000000 80 1000000 77 1000000 0 73 62 36 37 1000000 1000000 14 1000000 88 62 91 75 67 24 1000000 64 1000000 1000000 57 1000000 38 44 75 37 98 82 54 30 1000000 76 33 77 93 65 1000000 14 5 1000000 1000000 59 20 57 1000000 1000000 1000000 1000000 18 8 
26 1000000 1000000 62 24 1000000 28 1000000 1000000 17 2 55 13 80 1000000 1000000 74 29 38 21 1000000 1000000 23 1000000 83 9 49 1000000 1000000 48 11 8 54 52 40 88 12 20 56 100 1000000 1000000 1000000 1000000 82 41 84 1000000 1000000 1 18 34 0 15 1000000 1000000 23 60 1000000 1000000 80 1000000 1000000 76 33 1000000 68 1000000 1000000 1000000 55 1 54 42 78 17 8 1000000 73 1000000 49 1000000 81 1000000 1000000 1000000 1000000 37 85 1000000 1000000 84 1000000 10 44 1000000 80 1000000 1000000 81 
1000000 20 58 1000000 17 1000000 1000000 11 66 42 14 76 1000000 41 1000000 62 99 1000000 1000000 97 59 20 81 21 61 66 1000000 17 41 38 96 97 1000000 1000000 71 61 64 22 36 1000000 1000000 1000000 15 77 57 1000000 15 1000000 13 94 87 3 100 0 42 21 99 84 1000000 61 64 1000000 1 16 52 36 38 18 1000000 77 1000000 1000000 45 67 90 1000000 87 41 97 1000000 1000000 82 10 21 88 41 80 2 18 28 64 1000000 54 1000000 2 1000000 91 4 66 1000000 
10 76 1000000 1000000 1000000 1000000 28 58 14 1000000 29 1000000 11 27 1000000 86 41 1000000 1000000 88 91 14 7 38 69 85 18 33 1 48 1 35 1000000 6 1000000 1000000 64 94 84 1000000 1000000 74 6 29 39 75 77 9 80 17 36 66 73 1000000 0 89 22 34 45 1000000 29 85 1000000 36 86 7 1000000 12 1000000 41 82 1000000 8 59 1000000 1000000 98 74 70 70 1000000 1000000 25 79 55 1000000 21 58 1000000 10 43 1000000 81 3 73 25 3 42 35 18 
16 1 68 1000000 35 53 47 1000000 19 89 21 82 56 92 84 23 60 1000000 62 45 35 90 1000000 39 41 100 39 27 100 5 1000000 48 80 95 37 79 87 96 70 54 50 89 1000000 87 74 94 1000000 54 87 40 33 30 47 1000000 26 0 1 52 11 1000000 1000000 20 69 22 46 55 81 35 84 76 1000000 72 37 77 9 1000000 70 1000000 16 1000000 28 82 72 36 11 31 86 1000000 48 16 44 13 100 61 99 13 1000000 24 31 1000000 
1000000 69 1000000 1000000 72 1000000 1000000 30 1000000 59 1000000 74 97 1000000 20 1000000 88 1000000 29 25 1000000 1000000 1000000 99 1000000 1000000 37 1000000 35 1000000 1000000 84 10 1000000 3 90 55 1000000 39 6 67 82 73 66 48 67 58 90 1000000 71 20 1000000 86 64 41 23 0 12 64 1000000 73 1000000 1000000 1000000 18 74 20 1000000 27 63 1000000 1000000 1000000 4 89 36 20 1000000 1000000 15 1000000 40 77 1000000 92 3 96 27 57 81 1000000 34 1000000 96 64 1000000 82 74 1000000 35 
8 90 56 100 1000000 49 25 1000000 64 15 12 57 43 63 21 70 93 17 14 72 1000000 69 59 23 51 1000000 1000000 1000000 10 73 1000000 1 61 29 76 1000000 43 1000000 1000000 16 1000000 1000000 78 36 11 78 67 53 99 5 18 1000000 55 8 19 1000000 54 0 31 16 22 85 69 1000000 88 1000000 44 77 100 53 6 22 1000000 1000000 1000000 60 7 90 1000000 1000000 8 1000000 49 1000000 1000000 86 92 20 84 69 73 1000000 62 35 1000000 89 1 7 59 61 
3 23 1000000 1000000 1000000 1000000 1000000 1000000 1000000 1000000 1000000 1000000 65 8 76 62 41 82 91 1000000 1000000 1000000 1000000 1000000 90 59 58 69 1000000 1000000 41 3 1000000 36 4 13 95 78 63 97 16 1000000 35 4 39 64 94 17 46 31 1000000 84 22 1000000 94 1000000 1000000 26 0 65 28 97 22 11 96 1000000 1000000 1000000 91 1000000 1000000 1000000 1000000 81 90 70 12 40 8 77 76 88 1000000 44 2 28 96 13 55 1000000 95 1000000 12 53 1000000 1000000 60 92 55 9 
24 22 1000000 77 12 83 34 29 1000000 84 49 60 69 99 1000000 51 16 96 62 1000000 90 18 99 37 1000000 57 1000000 55 1000000 50 44 41 1000000 37 1000000 1000000 1000000 1000000 12 84 28 1000000 95 28 70 12 44 26 1000000 1000000 10 1000000 42 24 36 1000000 85 15 74 0 1000000 90 1000000 51 64 98 92 1000000 51 1000000 60 10 93 92 3 61 1000000 1000000 1000000 72 67 31 45 78 44 12 62 1000000 49 15 69 12 1000000 57 1000000 44 1000000 49 72 27 
47 1000000 27 55 21 5 1000000 1000000 24 88 6 49 1000000 62 52 1000000 53 95 55 53 1000000 1000000 87 92 40 1000000 1000000 89 45 80 60 72 1000000 56 1 1000000 18 51 8 94 47 21 4 1000000 1000000 1000000 76 46 87 1000000 1000000 80 34 35 51 3 63 15 11 3 0 3 76 1000000 4 22 77 59 65 1000000 1000000 92 72 13 76 62 9 42 51 91 1 1000000 73 13 83 1000000 1000000 78 26 67 1000000 9 1000000 40 81 1000000 1000000 40 70 1000000 
1000000 35 1000000 1000000 50 14 44 35 90 1000000 2 31 75 1000000 1000000 21 74 1000000 30 1000000 1000000 42 19 14 87 1000000 75 11 83 16 64 78 49 63 79 92 44 1000000 1000000 1000000 12 1000000 87 1000000 43 98 48 65 79 14 5 93 66 50 12 100 2 1000000 1000000 66 20 0 20 12 92 28 96 99 43 100 2 93 55 41 67 16 73 27 69 44 51 27 7 1000000 23 10 88 87 18 93 68 1000000 39 9 26 1000000 94 41 1000000 1000000 
1000000 49 34 88 52 23 28 46 1000000 9 44 1000000 13 40 1000000 26 73 75 1000000 13 39 89 70 24 6 33 59 1000000 62 70 11 1000000 50 37 6 94 1000000 1000000 1000000 1000000 12 1000000 1000000 61 29 1000000 63 65 1000000 1000000 51 15 49 1000000 15 1000000 3 98 1000000 3 1000000 42 0 16 96 66 62 1000000 67 1000000 28 1000000 55 95 66 1000000 70 39 1000000 76 90 19 88 2 95 95 30 4 1000000 1000000 14 89 6 75 94 18 1000000 1000000 29 6 
100 1000000 1000000 39 3 35 33 1000000 87 1 70 1000000 7 1000000 56 1000000 51 1000000 22 15 1000000 95 83 1000000 1000000 59 56 93 1000000 47 1000000 1000000 75 30 5 54 1000000 41 96 32 1000000 1000000 1000000 76 16 46 1000000 1000000 61 95 54 66 1000000 42 17 57 13 1000000 65 97 83 85 1000000 0 98 71 1000000 33 79 80 90 73 1000000 76 94 93 1000000 1000000 1000000 26 4 1000000 58 1000000 89 1000000 1000000 1000000 95 88 1000000 31 94 10 60 1000000 1000000 11 1000000 1000000 
35 1000000 1000000 94 52 85 1000000 45 75 43 1000000 73 1000000 23 1000000 92 1000000 1000000 71 12 1000000 94 1000000 12 1000000 38 29 97 76 36 79 83 20 60 1000000 71 78 47 94 1000000 88 1000000 41 41 21 67 47 65 8 78 44 16 1000000 1000000 57 16 13 40 9 35 1000000 66 71 75 0 68 37 49 91 1000000 58 30 23 44 1000000 13 40 48 60 1000000 1000000 44 1000000 55 60 44 81 28 85 85 82 1000000 52 39 92 1000000 90 46 37 10 
91 1000000 21 33 1000000 78 1000000 27 1000000 100 96 1000000 84 96 34 79 1000000 64 54 61 77 23 24 87 1000000 76 1000000 18 95 90 1000000 8 71 23 1000000 12 46 9 1000000 57 51 94 4 4 66 1000000 1000000 51 1000000 1000000 1000000 51 1000000 93 59 96 1000000 77 1000000 85 53 16 12 19 1000000 0 52 13 98 74 49 39 27 1000000 1000000 1000000 14 77 30 39 40 89 1000000 4 28 37 60 1000000 99 71 1000000 1000000 17 41 1000000 47 90 77 31 30 
31 78 1000000 35 1000000 1000000 1000000 1000000 79 1000000 79 1000000 29 11 73 19 1000000 1000000 17 50 12 4 48 80 72 1000000 60 52 65 59 82 79 39 1000000 79 51 25 1000000 63 16 1000000 18 1000000 52 3 1000000 9 1000000 56 84 78 86 7 98 83 64 86 64 70 99 43 34 5 71 94 79 0 1000000 20 27 1000000 1000000 1000000 76 1000000 8 1000000 18 16 25 53 71 33 37 11 64 97 60 1000000 6 24 11 66 51 1000000 15 39 57 65 1 
1000000 1000000 1000000 82 72 1000000 5 24 95 82 53 71 68 15 36 53 55 1000000 1000000 1000000 1000000 1000000 82 42 89 1000000 2 1 6 16 1000000 1000000 1000000 27 21 100 91 61 48 77 1000000 65 1000000 1000000 80 1000000 1000000 85 90 51 53 75 17 50 74 88 1000000 7 89 90 6 100 1000000 25 95 1000000 56 0 36 1000000 83 1000000 86 6 1000000 22 77 1000000 72 66 67 70 41 19 11 96 76 71 73 31 1000000 24 4 69 28 1000000 13 1000000 87 1000000 
1000000 80 24 70 8 61 1000000 1000000 1000000 91 1000000 34 21 65 100 97 1000000 1000000 1000000 32 1000000 80 1000000 15 85 2 68 11 1000000 8 65 68 1000000 11 1000000 54 73 41 13 1000000 14 77 13 89 70 1000000 1000000 78 59 1000000 62 52 1000000 1000000 79 41 1000000 72 66 1000000 89 18 31 92 33 28 33 1000000 0 1000000 49 6 1000000 1000000 37 40 1000000 75 1000000 32 1000000 81 48 93 56 27 94 80 55 83 1000000 66 1000000 87 52 1000000 1000000 1000000 42 14 
19 43 42 37 1000000 99 1000000 1000000 53 89 50 1000000 5 24 56 4 1000000 1000000 13 82 75 100 1000000 25 1000000 69 43 84 15 62 1000000 25 14 1 1000000 77 8 49 46 14 50 70 2 1000000 1000000 69 1000000 63 1000000 22 1000000 1000000 74 1000000 1000000 26 1000000 55 19 31 24 32 35 33 75 17 1000000 34 44 0 55 1000000 89 1000000 65 6 1000000 77 1000000 52 80 64 79 52 58 1000000 67 1000000 23 91 50 94 46 3 32 1000000 1000000 4 69 2 
65 1000000 1000000 71 45 1000000 21 21 45 30 79 39 70 48 35 81 18 60 81 33 95 87 95 1000000 68 1000000 50 81 68 82 28 37 54 35 15 96 33 10 2 1000000 73 12 1000000 8 1000000 63 1000000 25 1000000 68 17 58 88 1000000 39 62 1000000 80 92 57 1000000 24 1000000 53 7 78 27 1000000 1000000 56 0 1000000 15 43 1000000 1000000 10 68 95 73 1000000 8 1000000 11 1000000 79 1000000 94 98 1000000 96 91 1000000 44 1000000 65 52 48 64 58 
90 17 1000000 2 61 61 56 1000000 1000000 1000000 51 14 1000000 63 26 1000000 71 45 21 98 51 1000000 12 1000000 92 6 58 59 1000000 83 66 33 1000000 81 84 27 91 1000000 28 27 1000000 1000000 52 1000000 62 1000000 75 45 62 1000000 30 1000000 55 73 66 41 1000000 24 85 56 55 1000000 88 78 51 1000000 28 91 1000000 17 2 0 57 27 1000000 86 24 1000000 1000000 34 70 91 1000000 50 98 1000000 16 1000000 76 43 87 1000000 26 25 66 56 77 75 96 10 
73 59 1000000 87 33 89 1000000 1000000 1000000 1000000 45 1000000 38 1000000 85 88 1000000 92 88 1000000 65 1000000 1000000 10 99 1000000 1000000 35 28 92 93 76 76 12 1000000 73 87 80 52 97 1000000 5 1000000 15 79 1000000 40 28 90 1000000 24 1000000 96 88 1000000 49 33 36 1000000 61 1000000 1000000 1 97 71 54 8 1000000 28 24 94 9 0 32 9 17 57 1000000 88 42 39 40 17 1000000 1000000 63 54 76 1000000 75 1000000 98 85 34 1000000 81 26 45 1000000 1000000 
46 48 28 15 63 61 46 53 1000000 1 93 38 15 2 88 25 95 38 1000000 26 2 100 84 37 1000000 59 82 11 75 8 29 87 69 56 84 79 44 1000000 1000000 1000000 24 67 90 1000000 46 89 1000000 91 53 91 46 80 1000000 30 84 1000000 1000000 1000000 85 97 1000000 1000000 45 33 73 86 73 61 16 1000000 91 5 69 0 1000000 46 37 100 55 15 28 40 35 1000000 98 97 49 1000000 1000000 79 1000000 1000000 30 17 17 51 68 78 21 6 
15 25 94 97 89 48 1000000 59 1000000 22 23 8 1000000 70 1000000 45 85 93 21 20 40 30 36 48 1000000 81 55 1000000 23 76 60 51 1000000 69 1000000 71 85 18 42 10 19 13 6 92 56 57 24 4 1000000 17 39 1000000 91 1000000 75 1000000 2 1000000 8 28 16 1000000 70 49 1000000 1000000 65 30 52 39 1000000 80 22 50 0 1000000 95 1000000 1000000 8 95 1000000 53 59 57 47 25 54 13 81 90 20 1000000 67 1000000 83 1000000 1000000 70 62 
1000000 1000000 76 1000000 1000000 85 1000000 1000000 1000000 26 45 45 1000000 61 1000000 1000000 31 51 10 93 66 1000000 49 17 4 87 9 45 1000000 1000000 1000000 77 5 7 1000000 1000000 76 1000000 1000000 65 54 56 1000000 85 1000000 21 1 12 29 59 69 1000000 1000000 42 1000000 14 1 36 40 1000000 19 8 1000000 1000000 66 1000000 6 15 10 30 8 69 1000000 49 53 0 96 77 1000000 1000000 21 78 95 67 1000000 1000000 1000000 15 46 1000000 75 1000000 52 37 9 13 26 7 20 70 
1000000 1000000 1000000 59 28 32 13 1000000 100 63 74 59 1000000 9 1000000 28 1000000 71 1000000 97 60 1000000 56 1000000 1000000 2 54 15 1000000 46 1000000 100 31 62 27 1000000 21 9 57 1000000 88 35 32 47 91 1000000 95 7 1000000 56 1 67 38 56 1000000 54 1000000 47 1000000 1000000 30 1000000 12 1000000 72 63 1000000 1000000 68 45 1000000 79 77 12 33 1000000 0 1000000 1000000 1000000 63 70 97 73 21 1000000 87 17 1000000 1000000 1000000 3 98 80 83 92 80 88 1000000 95 
94 55 50 83 71 25 57 1000000 83 41 1000000 8 29 29 1000000 4 34 39 40 1000000 30 1000000 1000000 22 72 1000000 30 22 68 30 45 95 44 1000000 8 38 92 47 1000000 1000000 15 17 88 99 78 18 25 34 27 1000000 1000000 1000000 1000000 94 58 1000000 64 1 48 37 48 68 40 97 35 46 43 47 62 49 76 34 27 1000000 1 1000000 97 0 1000000 1000000 79 50 52 53 30 1000000 63 1000000 61 23 1000000 62 99 1000000 1000000 1000000 1000000 38 64 95 
90 1000000 81 2 9 41 65 84 53 46 53 1000000 77 29 1000000 1000000 88 9 99 44 1000000 30 76 38 70 10 38 1 1000000 1000000 1000000 1000000 15 1000000 93 1000000 47 74 1000000 94 1000000 1000000 49 19 65 1000000 1000000 9 52 63 1000000 28 1000000 1000000 1000000 89 1000000 53 74 32 1000000 44 46 24 2 32 15 18 1000000 37 1000000 19 1000000 1000000 23 90 88 1000000 0 91 33 69 72 47 30 83 1000000 50 1000000 1000000 53 1000000 1000000 45 73 41 1000000 1000000 1000000 98 
1000000 19 59 1000000 4 32 1000000 78 25 28 95 53 1000000 55 1000000 1000000 11 1000000 1000000 85 83 99 52 1000000 69 31 57 1000000 1000000 58 15 69 57 11 86 57 82 60 1000000 47 85 67 13 1000000 75 1000000 3 1000000 1000000 1000000 59 1000000 43 1000000 1000000 1000000 15 19 1000000 42 1000000 87 10 46 20 34 1000000 21 40 1000000 1000000 1000000 84 1000000 40 64 11 91 1000000 0 39 34 3 1000000 93 1000000 1000000 9 38 1000000 64 1000000 1000000 36 1000000 19 41 100 1000000 63 
64 1000000 1000000 1000000 74 34 1000000 3 80 1000000 78 1 69 1000000 41 66 53 1000000 1000000 24 1000000 51 45 2 1000000 7 1000000 95 1000000 42 1000000 6 55 1000000 1000000 35 65 84 1 16 73 71 1000000 33 33 64 72 92 99 93 35 1000000 32 92 91 63 1000000 12 21 1000000 1000000 31 69 96 31 88 1000000 1000000 64 47 55 76 26 50 1000000 82 69 78 68 53 0 1000000 19 72 1000000 75 1000000 14 82 1000000 8 40 73 8 1000000 80 99 44 36 33 
14 33 98 1000000 1000000 67 78 1000000 36 78 47 87 78 62 1000000 57 35 44 22 1000000 7 1000000 74 93 81 1000000 61 1000000 1000000 92 17 83 14 11 1000000 10 49 86 72 1000000 38 1000000 13 1000000 43 1000000 1000000 12 24 94 37 80 26 43 1 19 1000000 79 7 28 23 48 8 30 63 19 98 56 90 26 1000000 1000000 59 65 96 91 25 43 56 1000000 1000000 0 39 90 7 5 86 13 55 1000000 80 68 7 73 1000000 87 31 1000000 1000000 64 
33 56 1000000 62 8 26 1000000 51 1 10 46 70 16 26 1000000 1000000 1000000 1000000 12 9 1000000 95 79 1000000 1000000 2 84 37 75 68 79 80 1000000 1000000 97 14 39 51 80 5 27 1000000 1000000 1000000 69 26 48 100 35 8 58 1000000 36 1000000 1000000 69 1000000 94 49 1000000 67 41 1000000 1000000 1000000 51 54 27 1000000 56 56 79 57 22 18 1000000 44 47 1000000 98 1000000 57 0 48 65 93 1000000 73 43 74 10 1000000 1000000 26 1000000 8 19 38 44 1000000 
30 6 80 20 46 40 97 79 1000000 100 1000000 29 1000000 1000000 19 77 7 1000000 1000000 1000000 90 28 1000000 74 74 40 24 64 78 42 29 99 1000000 1000000 1000000 37 6 13 52 1000000 1000000 1000000 34 5 13 1 97 1000000 17 57 1000000 60 10 88 93 75 94 32 90 12 1000000 96 82 1000000 58 53 1000000 1000000 1000000 47 1000000 17 1000000 1000000 1000000 1 38 96 35 83 93 58 57 0 34 74 21 54 19 20 88 5 1000000 1000000 1000000 1000000 59 1000000 27 63 
26 70 15 55 1000000 8 1000000 94 1000000 81 52 46 57 83 1000000 1000000 44 60 85 32 1000000 60 1 43 1000000 49 1000000 79 47 98 55 1000000 1 1000000 95 1000000 97 34 11 17 52 30 97 68 98 96 1000000 44 1000000 40 1000000 1000000 20 7 1000000 90 1000000 87 78 99 87 1000000 1000000 69 90 16 1000000 38 1000000 1000000 92 1000000 86 77 1000000 87 15 68 79 1000000 1000000 1000000 1000000 1000000 0 64 62 81 1000000 88 1000000 66 1000000 36 60 1000000 92 14 59 89 
1 1000000 27 23 2 97 70 98 1000000 49 1000000 74 1000000 59 56 1000000 17 1000000 13 51 56 56 2 42 1000000 90 1000000 50 48 56 7 88 52 79 1000000 1000000 21 1000000 51 45 39 64 69 44 1000000 1000000 7 1000000 1000000 87 94 41 19 48 60 39 63 1000000 50 10 7 50 1000000 85 89 1000000 76 86 82 71 27 82 66 73 18 10 95 94 99 51 50 76 56 1000000 91 0 40 6 15 1000000 8 52 92 1000000 6 51 30 5 73 1000000 
24 1000000 80 78 63 1000000 1000000 71 1000000 1000000 97 94 3 1000000 1000000 40 1000000 34 18 82 1000000 34 9 1000000 1000000 24 35 1000000 90 1000000 98 1000000 91 79 79 37 69 52 31 93 78 1000000 51 50 1000000 73 1000000 64 50 73 1000000 57 6 57 1000000 51 13 96 84 46 1000000 80 61 90 18 1000000 1000000 93 15 41 78 19 83 1000000 32 32 1000000 1000000 58 86 38 50 70 81 22 27 0 1000000 1000000 75 93 39 1000000 12 1000000 76 1000000 75 81 17 
97 80 1000000 19 25 1000000 97 67 1000000 1000000 1000000 1000000 78 78 1000000 47 1000000 21 1000000 1000000 45 34 1000000 1000000 27 1000000 5 75 23 1000000 1000000 96 36 16 57 65 65 1000000 1000000 19 19 52 22 74 1 1000000 44 1000000 85 1000000 1000000 5 87 39 1000000 54 68 37 1000000 62 47 49 75 44 20 29 92 34 42 1000000 77 1000000 41 1 4 62 1000000 97 96 15 1000000 96 1000000 75 79 1000000 93 0 88 1000000 42 88 34 37 1000000 1000000 1000000 28 84 1 
53 1000000 98 1000000 1000000 96 68 40 94 86 1000000 26 54 1000000 9 1000000 77 1000000 1000000 65 28 1000000 53 1000000 74 35 1000000 18 1000000 1000000 1000000 49 1000000 1000000 1000000 4 94 34 52 1000000 42 70 14 1000000 61 1000000 19 18 56 74 69 55 1000000 27 1000000 81 68 84 61 21 74 58 1000000 62 80 28 1000000 35 6 71 82 1000000 1000000 29 7 1000000 1000000 37 40 1000000 1000000 10 64 1000000 63 59 86 1000000 0 67 1000000 37 24 1000000 11 56 1000000 30 1000000 43 
56 84 9 35 6 36 66 2 25 84 28 69 44 72 21 58 77 3 1000000 1000000 40 1000000 58 1000000 92 1000000 1000000 90 24 99 81 1000000 4 16 1000000 1000000 83 1000000 65 1000000 77 88 93 18 90 1000000 12 44 100 73 22 1000000 1000000 48 1000000 1000000 1000000 1000000 1000000 1000000 44 1 40 93 64 1000000 1000000 50 21 15 64 1000000 43 59 82 7 77 3 95 1000000 100 100 47 94 1000000 85 36 92 93 0 61 43 1000000 1000000 66 44 46 37 94 1000000 
7 37 31 1000000 20 91 66 39 23 28 91 98 60 1000000 38 40 1000000 61 30 1000000 6 57 68 1000000 1000000 10 2 89 90 73 61 1000000 38 1000000 1000000 36 46 33 44 47 1000000 29 1000000 1000000 76 1000000 95 1000000 1000000 83 1000000 41 62 1000000 96 40 63 1000000 78 1000000 1000000 81 62 81 59 1000000 61 28 5 95 1000000 99 9 74 97 86 1000000 1000000 56 94 55 95 18 1000000 77 59 11 15 17 1000000 0 14 69 1000000 70 1000000 70 1000000 1000000 10 
1000000 1 15 1000000 33 1000000 70 35 90 7 68 51 79 1000000 37 62 23 54 1000000 78 28 18 86 17 44 29 6 1000000 95 1000000 1000000 1000000 1000000 1 87 91 90 56 1000000 69 27 1000000 1000000 1000000 25 58 46 1000000 12 80 1000000 22 27 1000000 89 83 66 1000000 1000000 20 97 1000000 1000000 40 3 18 20 44 66 84 27 36 82 10 89 88 99 1000000 1000000 71 98 81 1000000 61 49 49 1000000 15 39 22 1000000 0 17 1000000 2 27 1000000 49 88 88 
89 2 74 18 36 34 35 8 51 78 27 94 56 13 1000000 1000000 32 1000000 71 74 95 1000000 46 1000000 28 98 22 34 1000000 82 1000000 35 55 11 90 1000000 62 75 42 1000000 95 92 35 80 55 78 73 1000000 87 1000000 71 11 1000000 15 1000000 89 17 11 85 63 81 47 1000000 67 31 42 1000000 1000000 1000000 37 72 1000000 11 1000000 1000000 52 7 1000000 1000000 20 95 38 18 42 84 10 1000000 43 1000000 60 11 1000000 0 1000000 23 22 89 1000000 46 51 
87 87 66 1000000 84 91 2 1000000 1000000 79 9 68 73 7 1000000 1000000 34 77 1000000 94 33 53 89 63 62 78 24 1000000 68 1000000 1000000 26 59 67 59 4 8 14 1000000 20 49 32 25 13 35 1000000 38 54 1000000 1000000 1000000 24 1000000 1000000 12 65 2 1000000 15 39 1000000 78 1000000 1000000 12 1000000 5 1000000 35 1000000 1000000 21 65 1000000 35 1000000 1000000 58 20 37 57 1000000 15 1000000 1000000 60 31 38 1000000 51 48 18 1000000 0 47 25 24 35 69 70 
31 84 1000000 1000000 89 26 40 67 37 80 37 67 97 86 4 23 20 1000000 1000000 100 1000000 26 3 75 7 55 64 1000000 1000000 45 1000000 28 1000000 1000000 10 1000000 46 12 1000000 14 49 1000000 1000000 53 98 52 98 27 46 19 1000000 1000000 7 47 60 48 96 30 7 17 1000000 80 1000000 1000000 99 90 1000000 1000000 1000000 42 79 7 12 68 54 39 42 88 75 73 31 24 1000000 39 31 38 94 1000000 18 56 6 25 27 60 0 8 3 43 59 83 
51 100 93 1000000 47 13 97 85 99 1000000 35 14 22 60 1000000 10 72 26 38 1000000 20 50 1000000 59 8 14 18 57 20 49 45 37 1 71 70 72 90 36 32 1000000 46 63 12 9 1000000 50 98 36 23 1000000 1000000 35 92 29 1000000 28 29 1000000 1000000 40 71 25 97 63 32 1000000 1000000 36 92 1000000 1000000 70 6 1000000 1000000 1000000 97 33 61 98 94 59 18 42 12 53 57 16 18 1000000 1000000 19 1 42 4 0 14 1000000 11 1000000 
1000000 1000000 33 19 81 29 62 56 1000000 48 11 17 1000000 1000000 99 24 15 1000000 1000000 1000000 53 1000000 92 14 36 1000000 1 43 56 1000000 1000000 1000000 51 1000000 1000000 1000000 52 93 2 1000000 81 71 1000000 8 18 73 6 90 1000000 36 91 77 1 73 8 90 1000000 1000000 73 91 1000000 84 81 75 31 34 51 86 36 85 77 1000000 89 42 17 89 1000000 1000000 1000000 87 58 2 70 42 77 57 79 63 1000000 1000000 8 22 44 100 1000000 28 0 55 91 96 
82 55 73 1000000 21 31 1000000 76 4 6 100 10 25 45 72 53 23 56 44 35 75 1000000 60 83 84 1000000 90 1000000 11 81 26 64 50 25 91 1000000 39 1000000 27 56 1000000 1000000 1000000 35 1000000 20 1000000 99 15 94 63 67 91 20 70 8 24 49 1000000 67 1000000 1000000 61 50 1000000 1000000 73 54 22 37 10 18 1000000 1000000 34 1000000 63 63 9 1000000 32 84 24 1000000 24 54 2 83 68 41 1000000 13 37 1000000 48 80 26 0 40 18 
37 1000000 1000000 67 1000000 36 3 89 47 47 1000000 51 1000000 1000000 88 57 97 1000000 1000000 95 1000000 1000000 94 23 33 1000000 71 92 1000000 83 51 12 47 91 26 50 38 35 6 1000000 23 53 91 1000000 75 50 29 8 45 53 72 58 1000000 73 1000000 87 41 25 80 88 16 1000000 1000000 65 84 58 22 1000000 1000000 79 92 81 1000000 70 93 1000000 79 53 70 48 92 2 67 62 51 57 1000000 1000000 1000000 1000000 56 1000000 68 49 1000000 1000000 1000000 1000000 0 52 
13 100 14 88 28 1000000 1000000 75 11 87 43 68 4 19 1000000 74 1000000 22 19 87 1000000 75 48 16 90 1000000 97 20 1000000 37 67 10 10 16 1000000 60 89 33 14 66 83 75 54 92 20 28 85 92 4 5 1000000 2 8 1000000 1000000 80 1000000 2 24 14 1000000 1000000 62 14 89 4 6 1000000 67 64 1000000 1000000 1000000 1000000 73 39 19 10 82 6 4 22 34 7 1000000 80 31 1000000 1000000 39 23 65 70 13 74 1000000 1000000 1000000 92 0 
93 		6
94 		11
95 		8
96 		7
97 		3
98 		6
99 		6