50 0
0 78 56 82 18 84 2 1000000 1000000 1000000 17 98 65 77 1000000 56 64 3 51 29 45 14 29 1000000 64 61 1000000 1000000 97 1000000 72 1000000 1000000 16 41 62 11 1000000 61 1000000 1000000 65 6 1000000 24 58 86 75 66 1000000 
50 0 68 47 1000000 1000000 38 1000000 3 25 100 1000000 99 1000000 44 57 45 53 41 50 45 84 88 28 1000000 87 20 14 1000000 11 62 26 1000000 91 74 1000000 39 1000000 1000000 59 1000000 1000000 94 1000000 14 7 43 23 1000000 94 
1000000 16 0 71 71 1000000 1000000 1000000 43 89 8 1000000 96 13 1000000 41 74 1000000 1000000 84 67 1000000 1000000 79 17 70 66 21 87 1000000 1000000 78 37 27 1000000 65 1000000 4 99 33 6 41 91 66 94 31 1000000 27 10 28 
88 66 1 0 4 1000000 31 1000000 1000000 77 61 43 1000000 1000000 1000000 1000000 52 64 40 75 67 60 28 1000000 1000000 27 48 38 89 54 1000000 8 1000000 1000000 44 1000000 74 1000000 98 35 39 1000000 78 52 89 53 54 7 62 44 
1000000 78 94 41 0 82 1000000 1000000 88 50 74 1000000 3 1000000 13 79 79 5 1000000 1000000 32 45 19 12 70 91 1000000 63 27 6 66 11 79 1000000 18 1000000 97 37 43 70 1000000 35 16 58 79 1000000 64 30 48 71 
88 1000000 11 92 98 0 76 1000000 75 80 96 6 21 10 77 71 1 32 76 42 50 73 1000000 95 3 91 22 1000000 81 71 99 10 1000000 29 5 1000000 72 87 14 1 99 1000000 1000000 45 1000000 90 60 63 1000000 95 
1 98 1000000 1000000 5 56 0 1 75 21 1000000 1000000 55 1000000 1000000 6 14 1000000 1 89 43 41 59 55 64 19 53 15 1000000 18 77 77 1000000 26 25 1000000 86 5 38 31 41 62 58 98 1000000 93 1000000 29 20 58 
59 26 21 1000000 14 1000000 51 0 1000000 84 82 63 1000000 1000000 1000000 19 1000000 54 98 59 64 1000000 21 100 88 1000000 1000000 9 41 76 79 72 1000000 61 2 38 65 43 1000000 1000000 1000000 5 1000000 1000000 89 1000000 40 1000000 78 81 
2 66 4 1000000 1000000 41 100 97 0 1000000 10 34 1000000 68 45 92 99 52 32 1000000 1000000 25 72 23 18 98 50 20 71 1000000 36 91 36 11 12 1000000 1000000 53 1000000 68 83 1000000 1000000 31 1000000 22 100 26 19 14 
1000000 10 1000000 90 45 34 56 65 1000000 0 34 86 29 73 28 51 60 60 80 40 34 4 85 1000000 91 55 11 86 60 1000000 20 1000000 64 69 1000000 47 67 84 1000000 27 27 1000000 14 93 57 1000000 1000000 1000000 1000000 57 
1000000 57 93 9 1000000 94 1000000 71 75 97 0 35 57 59 1000000 1000000 1000000 7 84 3 29 35 41 1000000 97 95 1 1000000 93 87 1000000 60 73 57 1000000 1000000 53 45 1000000 99 13 100 76 1000000 94 10 66 100 52 35 
68 1000000 44 70 40 32 1000000 100 1000000 52 46 0 47 14 8 37 1000000 1000000 38 73 62 1000000 54 36 99 1000000 77 95 18 47 26 40 79 1000000 45 100 1000000 97 25 42 45 34 16 84 41 28 1000000 88 60 85 
94 1000000 8 1000000 69 1000000 22 41 2 1000000 72 86 0 37 1000000 1000000 49 90 91 25 7 1000000 54 11 82 49 34 1000000 1000000 27 1000000 67 18 29 1000000 1000000 5 46 1000000 53 1000000 45 79 1000000 99 49 1000000 70 10 78 
1000000 58 82 1000000 22 23 16 1000000 27 7 50 1000000 1000000 0 1000000 75 23 49 1000000 27 20 96 38 48 72 1000000 71 32 27 1000000 4 83 1000000 44 25 25 1000000 1000000 37 1000000 55 9 56 40 54 14 1000000 77 99 61 
46 58 27 25 1000000 54 11 1000000 51 1000000 39 1000000 70 1000000 0 51 72 1000000 72 1000000 99 3 60 1000000 28 1000000 1000000 2 12 15 39 83 19 66 79 1000000 8 1000000 39 79 1000000 28 92 93 1000000 66 22 43 48 19 
44 1000000 58 90 1000000 39 42 83 34 3 57 1000000 92 62 79 0 1000000 3 7 1000000 2 1000000 97 1000000 85 1000000 99 72 1000000 1000000 6 75 42 71 12 95 97 1000000 62 62 1000000 30 1000000 1000000 19 88 6 83 1000000 33 
32 1000000 56 89 79 72 2 1000000 55 82 49 72 1000000 8 3 1000000 0 7 90 86 19 65 1000000 21 99 92 1000000 76 66 1000000 41 43 64 82 75 1000000 9 49 1000000 1000000 1 1 43 28 10 67 1000000 1000000 85 16 
1000000 1000000 1000000 13 28 1000000 20 79 81 1000000 10 79 80 86 45 18 43 0 1000000 93 19 82 1000000 84 19 16 24 73 32 1000000 1000000 1000000 1000000 52 1000000 84 23 77 15 12 1000000 1000000 1000000 59 59 1000000 74 84 23 1000000 
1000000 1000000 6 36 1000000 1000000 38 79 65 1000000 11 1000000 84 97 26 1000000 68 1000000 0 1000000 83 1000000 90 1000000 37 1000000 47 34 27 37 1000000 1000000 1000000 84 50 97 17 47 1000000 1000000 34 1000000 1000000 86 1000000 1000000 11 1000000 1000000 7 
84 75 94 100 42 57 59 33 1000000 86 79 1000000 29 1000000 37 80 1000000 53 1000000 0 83 89 19 100 16 1000000 47 82 59 72 32 33 1000000 1000000 60 17 33 1000000 54 22 37 17 35 58 70 86 69 12 1000000 24 
85 34 27 1000000 72 8 1000000 1000000 67 1000000 1000000 1000000 1000000 83 10 92 1000000 24 1000000 1000000 0 1000000 1000000 31 33 65 4 1000000 1000000 47 1000000 100 1000000 98 1000000 9 29 1000000 16 48 11 34 1000000 42 34 46 9 1000000 1000000 1000000 
18 13 46 50 50 80 1000000 1000000 1000000 37 9 21 1000000 4 59 12 65 25 1000000 1000000 1000000 0 69 8 67 34 23 5 1000000 67 19 12 1000000 1000000 1000000 85 75 1000000 48 1000000 76 65 2 1000000 47 42 1000000 1000000 13 49 
33 41 84 26 1000000 60 56 1000000 1000000 26 1000000 2 65 72 1000000 1000000 5 67 61 57 43 79 0 1000000 3 11 1000000 1000000 12 25 1000000 51 1000000 1000000 1000000 79 93 47 1000000 93 63 21 2 71 1000000 19 15 78 12 22 
65 21 70 22 1000000 1000000 1000000 60 87 38 1000000 34 1000000 2 62 82 72 36 65 21 42 98 35 0 1000000 71 40 44 62 52 91 69 100 33 1000000 88 63 57 1000000 34 68 8 1000000 1000000 83 1000000 43 29 29 42 
43 17 87 81 27 1000000 90 1000000 72 13 17 71 56 29 1000000 1 39 1000000 1000000 1000000 3 22 92 20 0 1000000 30 90 1000000 91 1000000 94 1000000 45 1000000 4 32 64 1000000 1000000 93 13 1000000 1000000 95 1000000 34 94 1000000 79 
11 97 75 52 51 1000000 67 1000000 1000000 1000000 89 1000000 83 16 4 29 1000000 21 1000000 52 37 37 36 100 56 0 1000000 1000000 40 77 39 63 75 1000000 8 44 62 45 37 1000000 84 22 34 1000000 19 28 1000000 50 19 57 
1000000 50 19 22 93 11 1000000 1000000 1000000 56 63 57 13 1000000 40 63 57 11 1000000 1000000 1000000 10 73 89 80 90 0 87 1000000 39 88 1000000 91 1000000 74 95 1000000 99 69 51 36 83 50 1000000 21 1000000 1000000 41 78 1000000 
77 44 30 43 90 15 1000000 33 65 1000000 28 9 43 99 64 33 77 25 16 85 1000000 16 63 4 39 57 26 0 64 1000000 39 75 100 1000000 42 34 98 18 69 1000000 27 46 20 1000000 18 63 1000000 32 63 1000000 
89 78 1000000 38 9 15 1000000 73 80 71 35 46 1000000 1000000 79 3 32 1000000 62 92 62 21 1000000 65 27 77 13 79 0 9 41 1000000 1000000 33 67 47 21 1000000 52 1000000 1000000 57 77 18 32 61 1000000 73 83 1000000 
30 1000000 41 73 35 49 46 1000000 1000000 13 35 92 1000000 47 1000000 33 1 30 71 59 9 34 43 15 51 1000000 1000000 59 20 0 9 1000000 1000000 85 84 37 1000000 42 12 77 21 69 17 58 47 1000000 1000000 59 61 100 
71 91 59 36 1000000 1000000 66 86 1000000 1000000 98 1000000 54 65 43 1000000 1000000 38 4 1000000 91 1000000 65 52 1000000 87 1000000 2 56 37 0 14 1000000 3 32 1000000 91 36 70 52 1000000 1000000 55 54 1000000 25 70 1000000 54 1000000 
1000000 1000000 3 10 24 43 75 25 1000000 82 1000000 73 1000000 49 4 1000000 71 12 7 14 63 79 55 26 64 33 97 18 46 15 82 0 1000000 29 23 1000000 4 76 1000000 13 1000000 1000000 55 80 1000000 40 17 60 60 1000000 
22 11 36 45 1000000 39 42 14 26 12 50 1000000 47 24 1000000 22 55 1000000 83 91 64 96 1000000 1000000 89 7 1000000 12 57 1000000 1000000 66 0 1000000 79 1000000 91 40 32 1000000 41 1000000 1000000 50 67 20 24 30 39 1000000 
35 1000000 4 1000000 1000000 79 1000000 48 29 1000000 36 30 1000000 56 11 85 66 74 17 71 1000000 92 93 1000000 28 11 1000000 59 15 58 46 55 11 0 1000000 1000000 1000000 97 32 81 100 25 1000000 97 34 26 1000000 31 91 1000000 
92 28 35 88 9 26 44 43 40 1000000 38 13 67 2 82 1000000 83 72 1000000 1000000 8 1000000 40 1000000 16 1000000 1000000 17 84 40 94 93 89 1000000 0 1000000 46 72 34 29 78 1000000 33 51 1000000 6 54 11 6 1000000 
77 1000000 81 45 1000000 61 68 47 62 37 1000000 61 1000000 1000000 25 49 1000000 20 60 1000000 18 93 1000000 22 94 1000000 35 92 1000000 1000000 52 97 63 3 37 0 1000000 27 1000000 40 87 85 1000000 77 12 1000000 1000000 41 69 36 
90 89 96 21 57 40 9 1000000 49 18 58 1000000 9 95 1000000 27 26 100 46 1000000 11 90 1000000 1000000 44 94 1000000 31 19 1000000 19 60 1000000 24 7 76 0 39 62 68 72 1000000 56 31 53 1000000 93 94 1000000 1000000 
49 43 35 24 24 1000000 1000000 1000000 76 62 60 17 44 1 74 32 95 4 70 43 98 26 90 96 57 91 1000000 65 72 88 69 1000000 1000000 1000000 1000000 41 85 0 1000000 88 1000000 84 16 13 90 1000000 21 19 1000000 17 
19 1000000 1000000 4 81 1000000 22 85 32 1000000 20 16 49 97 74 1000000 83 46 96 1000000 87 1000000 9 75 26 1000000 47 75 1000000 1000000 99 1000000 40 47 15 3 37 17 0 4 67 88 77 18 50 36 1000000 95 71 1000000 
93 38 26 84 8 31 47 1000000 84 24 1000000 98 22 46 23 72 33 62 78 1000000 1 97 1000000 10 41 29 14 53 23 50 19 48 1000000 1000000 52 1000000 49 1000000 13 0 82 69 1000000 1000000 69 1000000 1000000 1000000 30 38 
1000000 38 21 15 26 48 16 14 96 14 23 8 58 1 17 35 27 1000000 90 1000000 18 58 1000000 34 1000000 46 8 53 5 72 89 1000000 31 1000000 12 78 1000000 41 59 97 0 97 25 27 98 91 99 50 81 21 
1000000 77 36 41 81 61 1000000 1000000 15 1000000 1000000 1000000 1000000 51 1000000 1000000 7 1000000 14 1000000 1000000 19 35 24 31 9 89 1000000 1000000 59 1000000 78 12 70 34 1000000 48 44 9 46 20 0 88 1000000 12 64 1000000 10 1000000 83 
51 90 1000000 67 1000000 8 43 87 64 54 31 1000000 44 1000000 1000000 1000000 21 73 57 96 65 85 1000000 55 15 1000000 24 39 100 52 66 47 1000000 6 13 91 1000000 16 38 27 54 65 0 1000000 78 86 18 1000000 92 1000000 
78 95 95 11 1000000 12 1000000 59 34 47 7 47 94 21 1000000 59 1000000 57 74 80 1000000 33 1000000 96 15 1000000 76 32 19 1 29 72 1000000 49 49 74 1000000 95 100 64 80 1000000 90 0 88 1000000 15 77 1000000 1000000 
1000000 81 55 1000000 5 91 14 47 44 19 20 1000000 85 24 85 46 95 1000000 10 23 76 91 1000000 41 1000000 24 44 45 1000000 50 96 1000000 58 1000000 52 1000000 48 26 63 77 1000000 87 89 1000000 0 1000000 83 1000000 48 4 
1000000 21 38 84 32 1000000 1000000 4 99 10 65 98 49 1000000 1000000 94 1000000 9 1000000 2 98 1000000 71 75 70 75 1000000 27 7 32 91 28 1000000 50 1000000 1000000 100 66 25 92 16 44 1000000 15 25 0 55 1000000 61 90 
92 1000000 21 2 61 1000000 78 1000000 1000000 89 22 53 32 73 59 1000000 34 30 51 25 1000000 12 60 59 42 29 40 79 42 1000000 12 77 1000000 86 68 1000000 1000000 9 1000000 1000000 1000000 100 80 1000000 68 76 0 1000000 4 66 
1000000 69 24 8 42 1000000 49 76 1000000 61 25 1000000 2 61 96 57 1000000 59 81 3 54 78 52 70 19 84 1000000 7 1 26 100 29 23 79 96 71 62 1000000 64 90 49 5 1000000 1000000 1000000 1000000 63 0 73 9 
1000000 98 1000000 45 1000000 24 4 30 56 41 65 1000000 39 15 1000000 40 79 1000000 1000000 49 1000000 1000000 1000000 35 80 12 46 1000000 44 44 79 99 14 1000000 1000000 31 76 12 86 1000000 38 63 93 97 79 1000000 90 1000000 0 1000000 
92 1000000 98 1000000 1000000 1000000 1000000 31 1000000 36 1000000 1000000 19 35 1000000 22 95 95 68 35 88 1000000 56 1000000 31 68 1000000 76 11 1000000 19 79 2 1000000 28 1000000 80 88 99 1000000 1000000 1000000 76 1000000 1000000 85 1000000 90 60 0 